20
7,98 4,25 0,07 4,69 1,09 4,99 7,63 0,97 1,89 7,56 7,62 4,77 9,37 9,70 7,86 2,56 7,76 1,73 5,88 6,56 8,57 
7,94 1,79 5,90 0,45 9,96 9,98 4,18 4,26 2,31 3,45 4,21 0,58 8,02 0,53 2,01 2,49 7,87 0,68 4,57 6,51 0,39 
2,87 2,75 0,97 0,66 7,41 9,16 1,83 5,54 9,61 2,61 2,76 9,31 1,53 5,57 7,90 8,79 6,54 7,98 3,06 9,40 9,47 
1,38 3,22 3,73 4,46 9,93 2,35 2,82 1,47 0,94 4,20 5,68 1,89 5,89 1,46 6,85 3,68 4,70 4,06 3,16 6,26 9,82 
6,69 0,13 5,98 3,96 9,46 5,91 3,68 5,29 5,88 5,40 6,75 6,27 6,62 0,28 9,68 7,86 8,27 1,03 8,39 9,54 1,47 
5,68 6,05 5,86 4,05 6,27 9,88 5,04 0,61 7,88 1,39 1,29 1,72 7,29 5,24 2,17 2,67 7,71 5,19 4,90 3,79 3,79 
9,02 0,41 1,76 6,21 8,26 1,99 4,18 8,48 2,74 6,32 7,65 9,52 4,27 8,06 2,90 4,01 8,62 5,76 9,46 9,72 0,22 
5,96 6,04 4,69 9,12 4,48 2,26 9,90 5,60 8,64 2,02 2,74 3,94 2,11 8,60 4,54 2,98 3,97 6,99 1,13 7,97 7,67 
9,29 8,61 5,01 0,90 5,20 8,01 6,69 6,80 0,40 1,51 5,32 8,51 2,49 9,68 7,62 3,56 5,81 4,11 3,44 1,97 3,45 
2,00 9,28 2,24 7,40 0,02 6,23 2,10 5,57 2,39 1,38 6,99 7,05 4,57 0,82 7,65 5,99 7,25 2,46 9,60 7,57 7,37 
6,74 1,78 8,91 1,82 3,90 8,24 1,90 7,02 7,08 7,00 4,52 2,44 1,48 2,68 2,44 8,91 1,42 5,01 2,40 3,31 8,37 
3,62 5,04 9,61 5,44 0,68 5,24 2,46 5,72 6,69 4,45 3,76 4,72 1,73 0,93 4,24 9,79 3,76 0,67 2,08 2,95 8,10 
3,72 7,97 6,77 7,16 8,27 1,26 6,90 7,83 7,61 5,09 9,17 4,36 2,78 9,42 3,24 8,34 7,65 9,35 0,03 3,83 1,36 
3,01 4,83 4,84 7,30 7,50 3,73 4,50 7,07 3,61 6,43 9,91 2,47 0,02 4,75 4,62 8,50 5,66 2,38 0,90 5,53 4,21 
8,06 7,47 9,50 8,60 1,36 4,22 4,78 4,29 7,57 4,61 5,52 9,31 5,65 8,08 7,72 5,90 1,27 9,21 6,38 3,44 5,02 
7,91 8,65 4,49 4,52 5,09 7,05 6,56 7,83 0,92 3,81 0,01 5,10 9,15 1,09 8,54 4,18 8,96 9,78 2,58 6,50 7,60 
3,48 7,28 8,91 1,31 3,18 6,35 8,04 8,78 2,42 0,12 4,26 1,50 2,48 1,21 3,27 8,06 1,89 4,00 4,93 4,64 4,96 
4,77 0,37 2,55 9,46 7,82 0,41 4,57 4,56 9,10 0,83 5,93 6,20 2,97 2,18 2,23 8,72 9,65 5,23 6,48 8,16 0,50 
5,90 9,51 5,00 5,93 7,39 3,36 1,33 5,92 0,95 5,06 0,43 6,31 0,67 9,22 4,43 5,13 2,59 1,24 9,52 1,57 2,73 
9,44 6,53 7,40 4,06 3,79 8,84 4,40 7,59 0,69 8,86 3,93 8,78 8,29 9,00 4,76 6,08 4,48 2,76 2,90 5,17 0,08