10
5,74 4,96 3,57 8,24 2,50 9,32 0,21 0,28 7,83 1,23 9,67 
2,80 6,98 2,90 3,65 2,34 6,82 5,30 0,97 3,82 2,77 9,30 
7,28 4,45 9,89 1,31 1,08 9,66 2,51 6,70 8,53 8,56 9,66 
2,84 7,55 5,59 9,62 5,89 7,62 4,45 5,15 4,40 5,62 0,22 
2,65 6,23 9,38 5,79 2,70 4,24 0,23 8,75 6,26 0,61 2,85 
6,04 0,92 9,33 5,90 4,47 4,20 1,09 9,53 6,48 6,15 5,40 
6,75 2,33 2,16 9,87 3,85 1,79 7,70 7,95 1,44 0,69 0,76 
2,27 1,84 0,30 4,42 2,21 0,16 0,27 1,64 1,42 6,43 9,36 
6,58 2,83 3,47 1,40 1,93 6,26 0,40 7,98 9,88 6,47 5,22 
3,43 4,94 7,53 0,36 2,09 0,50 2,81 4,20 2,69 7,52 8,45 